! STO-3G Minimal Basis Set
! Reference: W.J. Hehre, R.F. Stewart, J.A. Pople, JCP 51, 2657 (1969)
!
H  0
S  3  1.00
      3.42525091      0.15432897
      0.62353014      0.53532814
      0.16885540      0.44463454
****
He  0
S  3  1.00
      6.36242139      0.15432897
      1.15892300      0.53532814
      0.31364979      0.44463454
****
Li  0
S  3  1.00
     16.11957500      0.15432897
      2.93620070      0.53532814
      0.79465370      0.44463454
SP  3  1.00
      0.63628970     -0.09996723      0.15591627
      0.14786010      0.39951283      0.60768372
      0.04808870      0.70011547      0.39195739
****
Be  0
S  3  1.00
     30.16787100      0.15432897
      5.49511530      0.53532814
      1.48719270      0.44463454
SP  3  1.00
      1.31483320     -0.09996723      0.15591627
      0.30553890      0.39951283      0.60768372
      0.09937070      0.70011547      0.39195739
****
B  0
S  3  1.00
     48.79111300      0.15432897
      8.88736640      0.53532814
      2.40526680      0.44463454
SP  3  1.00
      2.23695610     -0.09996723      0.15591627
      0.51982050      0.39951283      0.60768372
      0.16906180      0.70011547      0.39195739
****
C  0
S  3  1.00
     71.61683700      0.15432897
     13.04509600      0.53532814
      3.53051220      0.44463454
SP  3  1.00
      2.94124940     -0.09996723      0.15591627
      0.68348310      0.39951283      0.60768372
      0.22228990      0.70011547      0.39195739
****
N  0
S  3  1.00
     99.10616900      0.15432897
     18.05231200      0.53532814
      4.88566020      0.44463454
SP  3  1.00
      3.78045590     -0.09996723      0.15591627
      0.87849660      0.39951283      0.60768372
      0.28571440      0.70011547      0.39195739
****
O  0
S  3  1.00
    130.70932000      0.15432897
     23.80886100      0.53532814
      6.44360830      0.44463454
SP  3  1.00
      5.03315130     -0.09996723      0.15591627
      1.16959610      0.39951283      0.60768372
      0.38038900      0.70011547      0.39195739
****
F  0
S  3  1.00
    166.67913400      0.15432897
     30.36081200      0.53532814
      8.21682070      0.44463454
SP  3  1.00
      6.46480320     -0.09996723      0.15591627
      1.50228120      0.39951283      0.60768372
      0.48858850      0.70011547      0.39195739
****
Ne  0
S  3  1.00
    207.01561000      0.15432897
     37.70815100      0.53532814
     10.20529800      0.44463454
SP  3  1.00
      8.24629410     -0.09996723      0.15591627
      1.91615840      0.39951283      0.60768372
      0.62322930      0.70011547      0.39195739
****
Na  0
S  3  1.00
    250.75236000      0.15432897
     45.67396200      0.53532814
     12.36283500      0.44463454
SP  3  1.00
     12.04017400     -0.09996723      0.15591627
      2.79839040      0.39951283      0.60768372
      0.91006990      0.70011547      0.39195739
SP  3  1.00
      1.47831800     -0.09996723      0.15591627
      0.34367100      0.39951283      0.60768372
      0.11179300      0.70011547      0.39195739
****
Cl  0
S  3  1.00
    601.22050000      0.15432897
    109.50530000      0.53532814
     29.63459300      0.44463454
SP  3  1.00
     35.21561400     -0.09996723      0.15591627
      8.18680100      0.39951283      0.60768372
      2.66373400      0.70011547      0.39195739
SP  3  1.00
      3.23572800     -0.09996723      0.15591627
      0.75210700      0.39951283      0.60768372
      0.24466900      0.70011547      0.39195739
****
S  0
S  3  1.00
    533.12760000      0.15432897
     97.10952800      0.53532814
     26.28559800      0.44463454
SP  3  1.00
     30.16958800     -0.09996723      0.15591627
      7.01278200      0.39951283      0.60768372
      2.28105100      0.70011547      0.39195739
SP  3  1.00
      2.72232100     -0.09996723      0.15591627
      0.63274400      0.39951283      0.60768372
      0.20580300      0.70011547      0.39195739
****
P  0
S  3  1.00
    469.74479000      0.15432897
     85.57329800      0.53532814
     23.16286900      0.44463454
SP  3  1.00
     25.56381400     -0.09996723      0.15591627
      5.94177600      0.39951283      0.60768372
      1.93279300      0.70011547      0.39195739
SP  3  1.00
      2.24795500     -0.09996723      0.15591627
      0.52254800      0.39951283      0.60768372
      0.16994800      0.70011547      0.39195739
****
Si  0
S  3  1.00
    410.74421000      0.15432897
     74.82556200      0.53532814
     20.25395200      0.44463454
SP  3  1.00
     21.37793700     -0.09996723      0.15591627
      4.96802700      0.39951283      0.60768372
      1.61589700      0.70011547      0.39195739
SP  3  1.00
      1.81028400     -0.09996723      0.15591627
      0.42084100      0.39951283      0.60768372
      0.13689200      0.70011547      0.39195739
****
Al  0
S  3  1.00
    355.96154000      0.15432897
     64.84618100      0.53532814
     17.55309600      0.44463454
SP  3  1.00
     17.58337400     -0.09996723      0.15591627
      4.08666200      0.39951283      0.60768372
      1.32936100      0.70011547      0.39195739
SP  3  1.00
      1.40644400     -0.09996723      0.15591627
      0.32685600      0.39951283      0.60768372
      0.10630200      0.70011547      0.39195739
****
Mg  0
S  3  1.00
    305.28300000      0.15432897
     55.61905400      0.53532814
     15.05451700      0.44463454
SP  3  1.00
     14.15643700     -0.09996723      0.15591627
      3.29004100      0.39951283      0.60768372
      1.07011400      0.70011547      0.39195739
SP  3  1.00
      1.10060500     -0.09996723      0.15591627
      0.25577500      0.39951283      0.60768372
      0.08319910      0.70011547      0.39195739
****
