! 3-21G Split-Valence Basis Set
! Generated from PySCF basis library
!
H  0
S  2  1.00
          5.4471780000      0.1562850000
          0.8245470000      0.9046910000
S  1  1.00
          0.1831920000      1.0000000000
****
He  0
S  2  1.00
         13.6267000000      0.1752300000
          1.9993500000      0.8934830000
S  1  1.00
          0.3829930000      1.0000000000
****
Li  0
S  3  1.00
         36.8382000000      0.0696686000
          5.4817200000      0.3813460000
          1.1132700000      0.6817020000
S  2  1.00
          0.5402050000     -0.2631270000
          0.1022550000      1.1433900000
S  1  1.00
          0.0285650000      1.0000000000
P  2  1.00
          0.5402050000      0.1615460000
          0.1022550000      0.9156630000
P  1  1.00
          0.0285650000      1.0000000000
****
Be  0
S  3  1.00
         71.8876000000      0.0644263000
         10.7289000000      0.3660960000
          2.2220500000      0.6959340000
S  2  1.00
          1.2954800000     -0.4210640000
          0.2688810000      1.2240700000
S  1  1.00
          0.0773500000      1.0000000000
P  2  1.00
          1.2954800000      0.2051320000
          0.2688810000      0.8825280000
P  1  1.00
          0.0773500000      1.0000000000
****
B  0
S  3  1.00
        116.4340000000      0.0629605000
         17.4314000000      0.3633040000
          3.6801600000      0.6972550000
S  2  1.00
          2.2818700000     -0.3686620000
          0.4652480000      1.1994400000
S  1  1.00
          0.1243280000      1.0000000000
P  2  1.00
          2.2818700000      0.2311520000
          0.4652480000      0.8667640000
P  1  1.00
          0.1243280000      1.0000000000
****
C  0
S  3  1.00
        172.2560000000      0.0617669000
         25.9109000000      0.3587940000
          5.5333500000      0.7007130000
S  2  1.00
          3.6649800000     -0.3958970000
          0.7705450000      1.2158400000
S  1  1.00
          0.1958570000      1.0000000000
P  2  1.00
          3.6649800000      0.2364600000
          0.7705450000      0.8606190000
P  1  1.00
          0.1958570000      1.0000000000
****
N  0
S  3  1.00
        242.7660000000      0.0598657000
         36.4851000000      0.3529550000
          7.8144900000      0.7065130000
S  2  1.00
          5.4252200000     -0.4133010000
          1.1491500000      1.2244200000
S  1  1.00
          0.2832050000      1.0000000000
P  2  1.00
          5.4252200000      0.2379720000
          1.1491500000      0.8589530000
P  1  1.00
          0.2832050000      1.0000000000
****
O  0
S  3  1.00
        322.0370000000      0.0592394000
         48.4308000000      0.3515000000
         10.4206000000      0.7076580000
S  2  1.00
          7.4029400000     -0.4044530000
          1.5762000000      1.2215600000
S  1  1.00
          0.3736840000      1.0000000000
P  2  1.00
          7.4029400000      0.2445860000
          1.5762000000      0.8539550000
P  1  1.00
          0.3736840000      1.0000000000
****
F  0
S  3  1.00
        413.8010000000      0.0585483000
         62.2446000000      0.3493080000
         13.4340000000      0.7096320000
S  2  1.00
          9.7775900000     -0.4073270000
          2.0861700000      1.2231400000
S  1  1.00
          0.4823830000      1.0000000000
P  2  1.00
          9.7775900000      0.2466800000
          2.0861700000      0.8523210000
P  1  1.00
          0.4823830000      1.0000000000
****
Ne  0
S  3  1.00
        515.7240000000      0.0581430000
         77.6538000000      0.3479510000
         16.8136000000      0.7107140000
S  2  1.00
         12.4830000000     -0.4099220000
          2.6645100000      1.2243100000
S  1  1.00
          0.6062500000      1.0000000000
P  2  1.00
         12.4830000000      0.2474600000
          2.6645100000      0.8517430000
P  1  1.00
          0.6062500000      1.0000000000
****
Na  0
S  3  1.00
        547.6130000000      0.0674911000
         82.0678000000      0.3935050000
         17.6917000000      0.6656050000
S  3  1.00
         17.5407000000     -0.1119370000
          3.7939800000      0.2546540000
          0.9064410000      0.8444170000
S  2  1.00
          0.5018240000     -0.2196600000
          0.0609458000      1.0891200000
S  1  1.00
          0.0244349000      1.0000000000
P  3  1.00
         17.5407000000      0.1282330000
          3.7939800000      0.4715330000
          0.9064410000      0.6042730000
P  2  1.00
          0.5018240000      0.0090665000
          0.0609458000      0.9972020000
P  1  1.00
          0.0244349000      1.0000000000
****
Mg  0
S  3  1.00
        652.8410000000      0.0675982000
         98.3805000000      0.3917780000
         21.2996000000      0.6666610000
S  3  1.00
         23.3727000000     -0.1102460000
          5.1995300000      0.1841190000
          1.3150800000      0.8963990000
S  2  1.00
          0.6113490000     -0.3611010000
          0.1418410000      1.2150500000
S  1  1.00
          0.0464011000      1.0000000000
P  3  1.00
         23.3727000000      0.1210140000
          5.1995300000      0.4628100000
          1.3150800000      0.6069070000
P  2  1.00
          0.6113490000      0.0242633000
          0.1418410000      0.9866730000
P  1  1.00
          0.0464011000      1.0000000000
****
Al  0
S  3  1.00
        775.7370000000      0.0668347000
        116.9520000000      0.3890610000
         25.3326000000      0.6694680000
S  3  1.00
         29.4796000000     -0.1079020000
          6.6331400000      0.1462450000
          1.7267500000      0.9237300000
S  2  1.00
          0.9461600000     -0.3203270000
          0.2025060000      1.1841200000
S  1  1.00
          0.0639088000      1.0000000000
P  3  1.00
         29.4796000000      0.1175740000
          6.6331400000      0.4611740000
          1.7267500000      0.6055350000
P  2  1.00
          0.9461600000      0.0519383000
          0.2025060000      0.9726600000
P  1  1.00
          0.0639088000      1.0000000000
****
Si  0
S  3  1.00
        910.6550000000      0.0660823000
        137.3360000000      0.3862290000
         29.7601000000      0.6723800000
S  3  1.00
         36.6716000000     -0.1045110000
          8.3172900000      0.1074100000
          2.2164500000      0.9514460000
S  2  1.00
          1.0791300000     -0.3761080000
          0.3024220000      1.2516500000
S  1  1.00
          0.0933392000      1.0000000000
P  3  1.00
         36.6716000000      0.1133550000
          8.3172900000      0.4575780000
          2.2164500000      0.6074270000
P  2  1.00
          1.0791300000      0.0671030000
          0.3024220000      0.9568830000
P  1  1.00
          0.0933392000      1.0000000000
****
P  0
S  3  1.00
       1054.9000000000      0.0655410000
        159.1950000000      0.3840360000
         34.5304000000      0.6745410000
S  3  1.00
         44.2866000000     -0.1021300000
         10.1019000000      0.0815920000
          2.7399700000      0.9697880000
S  2  1.00
          1.2186500000     -0.3714950000
          0.3955460000      1.2709900000
S  1  1.00
          0.1228110000      1.0000000000
P  3  1.00
         44.2866000000      0.1108510000
         10.1019000000      0.4564950000
          2.7399700000      0.6069360000
P  2  1.00
          1.2186500000      0.0915820000
          0.3955460000      0.9349240000
P  1  1.00
          0.1228110000      1.0000000000
****
S  0
S  3  1.00
       1210.6200000000      0.0650070000
        182.7470000000      0.3820400000
         39.6673000000      0.6765450000
S  3  1.00
         52.2236000000     -0.1003100000
         11.9629000000      0.0650880000
          3.2891100000      0.9814550000
S  2  1.00
          1.2238400000     -0.2860890000
          0.4573030000      1.2280600000
S  1  1.00
          0.1422690000      1.0000000000
P  3  1.00
         52.2236000000      0.1096460000
         11.9629000000      0.4576490000
          3.2891100000      0.6042610000
P  2  1.00
          1.2238400000      0.1647770000
          0.4573030000      0.8708550000
P  1  1.00
          0.1422690000      1.0000000000
****
Cl  0
S  3  1.00
       1376.4000000000      0.0645827000
        207.8570000000      0.3803630000
         45.1554000000      0.6781900000
S  3  1.00
         60.8014000000     -0.0987639000
         13.9765000000      0.0511338000
          3.8871000000      0.9913370000
S  2  1.00
          1.3529900000     -0.2224010000
          0.5269550000      1.1825200000
S  1  1.00
          0.1667140000      1.0000000000
P  3  1.00
         60.8014000000      0.1085980000
         13.9765000000      0.4586820000
          3.8871000000      0.6019620000
P  2  1.00
          1.3529900000      0.2192160000
          0.5269550000      0.8223210000
P  1  1.00
          0.1667140000      1.0000000000
****
Ar  0
S  3  1.00
       1553.7100000000      0.0641707000
        234.6780000000      0.3787970000
         51.0121000000      0.6797520000
S  3  1.00
         70.0453000000     -0.0974661000
         16.1473000000      0.0390569000
          4.5349200000      0.9999160000
S  2  1.00
          1.5420900000     -0.1768660000
          0.6072670000      1.1469000000
S  1  1.00
          0.1953730000      1.0000000000
P  3  1.00
         70.0453000000      0.1076190000
         16.1473000000      0.4595760000
          4.5349200000      0.6000410000
P  2  1.00
          1.5420900000      0.2556870000
          0.6072670000      0.7898420000
P  1  1.00
          0.1953730000      1.0000000000
****
