! cc-pVQZ Correlation-Consistent Polarized Valence Quadruple-Zeta
! Generated from PySCF basis library
!
H  0
S  3  1.00
           82.6400000000      0.0229507578
           12.4100000000      0.1755401181
            2.8240000000      0.8647035510
S  1  1.00
            0.7977000000      1.0000000000
S  1  1.00
            0.2581000000      1.0000000000
S  1  1.00
            0.0898900000      1.0000000000
P  1  1.00
            2.2920000000      1.0000000000
P  1  1.00
            0.8380000000      1.0000000000
P  1  1.00
            0.2920000000      1.0000000000
D  1  1.00
            2.0620000000      1.0000000000
D  1  1.00
            0.6620000000      1.0000000000
F  1  1.00
            1.3970000000      1.0000000000
****
He  0
S  4  1.00
          528.5000000000      0.0058740153
           79.3100000000      0.0450799432
           18.0500000000      0.2248060657
            5.0850000000      0.7985036466
S  1  1.00
            1.6090000000      1.0000000000
S  1  1.00
            0.5363000000      1.0000000000
S  1  1.00
            0.1833000000      1.0000000000
P  1  1.00
            5.9940000000      1.0000000000
P  1  1.00
            1.7450000000      1.0000000000
P  1  1.00
            0.5600000000      1.0000000000
D  1  1.00
            4.2990000000      1.0000000000
D  1  1.00
            1.2230000000      1.0000000000
F  1  1.00
            2.6800000000      1.0000000000
****
Li  0
S  9  1.00
         6601.0000000000      0.0001173021
          989.7000000000      0.0009133520
          225.7000000000      0.0047402069
           64.2900000000      0.0192465633
           21.1800000000      0.0632097763
            7.7240000000      0.1636293744
            3.0030000000      0.3156398280
            1.2120000000      0.3949530736
            0.4930000000      0.1974264077
S  9  1.00
         6601.0000000000     -0.0000658485
          989.7000000000     -0.0005194713
          225.7000000000     -0.0027107624
           64.2900000000     -0.0110479113
           21.1800000000     -0.0370324525
            7.7240000000     -0.0991165927
            3.0030000000     -0.2098334923
            1.2120000000     -0.3434912701
            0.4930000000     -0.4429810042
S  1  1.00
            0.0951500000      1.0000000000
S  1  1.00
            0.0479100000      1.0000000000
S  1  1.00
            0.0222000000      1.0000000000
P  3  1.00
            6.2500000000      0.0364764639
            1.3700000000      0.2079632160
            0.3672000000      0.8516629861
P  1  1.00
            0.1192000000      1.0000000000
P  1  1.00
            0.0447400000      1.0000000000
P  1  1.00
            0.0179500000      1.0000000000
D  1  1.00
            0.3440000000      1.0000000000
D  1  1.00
            0.1530000000      1.0000000000
D  1  1.00
            0.0680000000      1.0000000000
F  1  1.00
            0.2460000000      1.0000000000
F  1  1.00
            0.1292000000      1.0000000000
G  1  1.00
            0.2380000000      1.0000000000
****
Be  0
S  9  1.00
        14630.0000000000      0.0000924237
         2191.0000000000      0.0007162840
          498.2000000000      0.0037522032
          140.9000000000      0.0155392447
           45.8600000000      0.0531175346
           16.4700000000      0.1463650582
            6.3190000000      0.3040751313
            2.5350000000      0.4068011119
            1.0350000000      0.2234113017
S  9  1.00
        14630.0000000000     -0.0000562045
         2191.0000000000     -0.0004297992
          498.2000000000     -0.0022448742
          140.9000000000     -0.0094456636
           45.8600000000     -0.0324432261
           16.4700000000     -0.0945855758
            6.3190000000     -0.2107999690
            2.5350000000     -0.3875829857
            1.0350000000     -0.4007116977
S  1  1.00
            0.2528000000      1.0000000000
S  1  1.00
            0.1052000000      1.0000000000
S  1  1.00
            0.0426100000      1.0000000000
P  3  1.00
           14.0300000000      0.0334330386
            3.1680000000      0.2090156248
            0.9024000000      0.8463721749
P  1  1.00
            0.3036000000      1.0000000000
P  1  1.00
            0.1130000000      1.0000000000
P  1  1.00
            0.0428600000      1.0000000000
D  1  1.00
            1.0720000000      1.0000000000
D  1  1.00
            0.4410000000      1.0000000000
D  1  1.00
            0.1811000000      1.0000000000
F  1  1.00
            0.4810000000      1.0000000000
F  1  1.00
            0.2550000000      1.0000000000
G  1  1.00
            0.4150000000      1.0000000000
****
B  0
S  9  1.00
        23870.0000000000      0.0000885552
         3575.0000000000      0.0006913346
          812.8000000000      0.0036227143
          229.7000000000      0.0150433210
           74.6900000000      0.0517595302
           26.8100000000      0.1442061668
           10.3200000000      0.3028337554
            4.1780000000      0.4060720554
            1.7270000000      0.2267617873
S  9  1.00
        23870.0000000000     -0.0000549084
         3575.0000000000     -0.0004240151
          812.8000000000     -0.0022115895
          229.7000000000     -0.0093435843
           74.6900000000     -0.0322770049
           26.8100000000     -0.0956779376
           10.3200000000     -0.2166198535
            4.1780000000     -0.4029760112
            1.7270000000     -0.3754272322
S  1  1.00
            0.4704000000      1.0000000000
S  1  1.00
            0.1896000000      1.0000000000
S  1  1.00
            0.0739400000      1.0000000000
P  3  1.00
           22.2600000000      0.0324282283
            5.0580000000      0.2113467611
            1.4870000000      0.8421410391
P  1  1.00
            0.5071000000      1.0000000000
P  1  1.00
            0.1812000000      1.0000000000
P  1  1.00
            0.0646300000      1.0000000000
D  1  1.00
            1.1100000000      1.0000000000
D  1  1.00
            0.4020000000      1.0000000000
D  1  1.00
            0.1450000000      1.0000000000
F  1  1.00
            0.8820000000      1.0000000000
F  1  1.00
            0.3110000000      1.0000000000
G  1  1.00
            0.6730000000      1.0000000000
****
C  0
S  9  1.00
        33980.0000000000      0.0000916345
         5089.0000000000      0.0007089090
         1157.0000000000      0.0037187514
          326.6000000000      0.0154671057
          106.1000000000      0.0532980755
           38.1100000000      0.1480683352
           14.7500000000      0.3077621740
            6.0350000000      0.4021296445
            2.5300000000      0.2185645031
S  9  1.00
        33980.0000000000     -0.0000557104
         5089.0000000000     -0.0004427508
         1157.0000000000     -0.0023017175
          326.6000000000     -0.0097463809
          106.1000000000     -0.0337546140
           38.1100000000     -0.1001613634
           14.7500000000     -0.2262808226
            6.0350000000     -0.4148750525
            2.5300000000     -0.3460463685
S  1  1.00
            0.7355000000      1.0000000000
S  1  1.00
            0.2905000000      1.0000000000
S  1  1.00
            0.1111000000      1.0000000000
P  3  1.00
           34.5100000000      0.0316878552
            7.9150000000      0.2128943073
            2.3680000000      0.8395867520
P  1  1.00
            0.8132000000      1.0000000000
P  1  1.00
            0.2890000000      1.0000000000
P  1  1.00
            0.1007000000      1.0000000000
D  1  1.00
            1.8480000000      1.0000000000
D  1  1.00
            0.6490000000      1.0000000000
D  1  1.00
            0.2280000000      1.0000000000
F  1  1.00
            1.4190000000      1.0000000000
F  1  1.00
            0.4850000000      1.0000000000
G  1  1.00
            1.0110000000      1.0000000000
****
N  0
S  9  1.00
        45840.0000000000      0.0000927106
         6868.0000000000      0.0007225383
         1563.0000000000      0.0037779583
          442.4000000000      0.0156519735
          144.3000000000      0.0535565145
           52.1800000000      0.1479208236
           20.3400000000      0.3070163017
            8.3810000000      0.4007558217
            3.5290000000      0.2193221195
S  9  1.00
        45840.0000000000     -0.0000573387
         6868.0000000000     -0.0004558425
         1563.0000000000     -0.0023623535
          442.4000000000     -0.0099711961
          144.3000000000     -0.0343057310
           52.1800000000     -0.1014550566
           20.3400000000     -0.2295754654
            8.3810000000     -0.4206422748
            3.5290000000     -0.3335964279
S  1  1.00
            1.0540000000      1.0000000000
S  1  1.00
            0.4118000000      1.0000000000
S  1  1.00
            0.1552000000      1.0000000000
P  3  1.00
           49.3300000000      0.0311260974
           11.3700000000      0.2135566435
            3.4350000000      0.8383625589
P  1  1.00
            1.1820000000      1.0000000000
P  1  1.00
            0.4173000000      1.0000000000
P  1  1.00
            0.1428000000      1.0000000000
D  1  1.00
            2.8370000000      1.0000000000
D  1  1.00
            0.9680000000      1.0000000000
D  1  1.00
            0.3350000000      1.0000000000
F  1  1.00
            2.0270000000      1.0000000000
F  1  1.00
            0.6850000000      1.0000000000
G  1  1.00
            1.4270000000      1.0000000000
****
O  0
S  9  1.00
        61420.0000000000      0.0000907389
         9199.0000000000      0.0007037308
         2091.0000000000      0.0036940825
          590.9000000000      0.0153429443
          192.3000000000      0.0528534084
           69.3200000000      0.1471190548
           26.9700000000      0.3077642591
           11.1000000000      0.4017798693
            4.6820000000      0.2187614704
S  9  1.00
        61420.0000000000     -0.0000561064
         9199.0000000000     -0.0004460458
         2091.0000000000     -0.0023256097
          590.9000000000     -0.0098410601
          192.3000000000     -0.0341014613
           69.3200000000     -0.1017236829
           26.9700000000     -0.2328190588
           11.1000000000     -0.4266610114
            4.6820000000     -0.3235402795
S  1  1.00
            1.4280000000      1.0000000000
S  1  1.00
            0.5547000000      1.0000000000
S  1  1.00
            0.2067000000      1.0000000000
P  3  1.00
           63.4200000000      0.0313275025
           14.6600000000      0.2166542485
            4.4590000000      0.8352428422
P  1  1.00
            1.5310000000      1.0000000000
P  1  1.00
            0.5302000000      1.0000000000
P  1  1.00
            0.1750000000      1.0000000000
D  1  1.00
            3.7750000000      1.0000000000
D  1  1.00
            1.3000000000      1.0000000000
D  1  1.00
            0.4440000000      1.0000000000
F  1  1.00
            2.6660000000      1.0000000000
F  1  1.00
            0.8590000000      1.0000000000
G  1  1.00
            1.8460000000      1.0000000000
****
F  0
S  9  1.00
        74530.0000000000      0.0000957754
        11170.0000000000      0.0007440233
         2543.0000000000      0.0038894876
          721.0000000000      0.0160559822
          235.9000000000      0.0547320869
           85.6000000000      0.1507332702
           33.5500000000      0.3107678397
           13.9300000000      0.3980756452
            5.9150000000      0.2127533576
S  9  1.00
        74530.0000000000     -0.0000608735
        11170.0000000000     -0.0004759203
         2543.0000000000     -0.0024653776
          721.0000000000     -0.0103706344
          235.9000000000     -0.0355888741
           85.6000000000     -0.1053139587
           33.5500000000     -0.2386214363
           13.9300000000     -0.4312750631
            5.9150000000     -0.3068966243
S  1  1.00
            1.8430000000      1.0000000000
S  1  1.00
            0.7124000000      1.0000000000
S  1  1.00
            0.2637000000      1.0000000000
P  3  1.00
           80.3900000000      0.0313841889
           18.6300000000      0.2185767586
            5.6940000000      0.8332559023
P  1  1.00
            1.9530000000      1.0000000000
P  1  1.00
            0.6702000000      1.0000000000
P  1  1.00
            0.2166000000      1.0000000000
D  1  1.00
            5.0140000000      1.0000000000
D  1  1.00
            1.7250000000      1.0000000000
D  1  1.00
            0.5860000000      1.0000000000
F  1  1.00
            3.5620000000      1.0000000000
F  1  1.00
            1.1480000000      1.0000000000
G  1  1.00
            2.3760000000      1.0000000000
****
Ne  0
S  9  1.00
        99920.0000000000      0.0000867723
        14960.0000000000      0.0006750074
         3399.0000000000      0.0035495907
          958.9000000000      0.0147987059
          311.2000000000      0.0514196255
          111.7000000000      0.1450347838
           43.3200000000      0.3072968877
           17.8000000000      0.4036978390
            7.5030000000      0.2206073663
S  9  1.00
        99920.0000000000     -0.0000547971
        14960.0000000000     -0.0004328971
         3399.0000000000     -0.0022576404
          958.9000000000     -0.0095894919
          311.2000000000     -0.0335166440
          111.7000000000     -0.1014212057
           43.3200000000     -0.2359371177
           17.8000000000     -0.4339409456
            7.5030000000     -0.3131325272
S  1  1.00
            2.3370000000      1.0000000000
S  1  1.00
            0.9001000000      1.0000000000
S  1  1.00
            0.3301000000      1.0000000000
P  3  1.00
           99.6800000000      0.0314763218
           23.1500000000      0.2204157481
            7.1080000000      0.8313421044
P  1  1.00
            2.4410000000      1.0000000000
P  1  1.00
            0.8339000000      1.0000000000
P  1  1.00
            0.2662000000      1.0000000000
D  1  1.00
            6.4710000000      1.0000000000
D  1  1.00
            2.2130000000      1.0000000000
D  1  1.00
            0.7470000000      1.0000000000
F  1  1.00
            4.6570000000      1.0000000000
F  1  1.00
            1.5240000000      1.0000000000
G  1  1.00
            2.9830000000      1.0000000000
****
Na  0
S  16  1.00
      1224000.0000000000      0.0000047890
       183200.0000000000      0.0000372396
        41700.0000000000      0.0001958315
        11810.0000000000      0.0008267001
         3853.0000000000      0.0030025176
         1391.0000000000      0.0097031245
          542.5000000000      0.0282337712
          224.9000000000      0.0732059846
           97.9300000000      0.1628974107
           44.3100000000      0.2887087279
           20.6500000000      0.3468298744
            9.7290000000      0.2068655215
            4.2280000000      0.0328009827
            1.9690000000     -0.0006477376
            0.8890000000      0.0014587837
            0.3964000000     -0.0001783464
S  16  1.00
      1224000.0000000000     -0.0000011706
       183200.0000000000     -0.0000090989
        41700.0000000000     -0.0000478911
        11810.0000000000     -0.0002021359
         3853.0000000000     -0.0007364706
         1391.0000000000     -0.0023895157
          542.5000000000     -0.0070557601
          224.9000000000     -0.0188017753
           97.9300000000     -0.0446537159
           44.3100000000     -0.0898513997
           20.6500000000     -0.1430630780
            9.7290000000     -0.1244220410
            4.2280000000      0.1000508744
            1.9690000000      0.4174391254
            0.8890000000      0.4755321032
            0.3964000000      0.1634085814
S  16  1.00
      1224000.0000000000      0.0000005719
       183200.0000000000      0.0000044417
        41700.0000000000      0.0000234059
        11810.0000000000      0.0000986416
         3853.0000000000      0.0003601380
         1391.0000000000      0.0011660651
          542.5000000000      0.0034557014
          224.9000000000      0.0091922788
           97.9300000000      0.0220059682
           44.3100000000      0.0443799047
           20.6500000000      0.0724535762
            9.7290000000      0.0637379066
            4.2280000000     -0.0545344743
            1.9690000000     -0.2515990708
            0.8890000000     -0.3690770488
            0.3964000000     -0.4524161884
S  1  1.00
            0.0699300000      1.0000000000
S  1  1.00
            0.0328900000      1.0000000000
S  1  1.00
            0.0161200000      1.0000000000
P  9  1.00
          413.4000000000      0.0009090712
           97.9800000000      0.0074248781
           31.3700000000      0.0357808471
           11.6200000000      0.1186342120
            4.6710000000      0.2616549015
            1.9180000000      0.3787596410
            0.7775000000      0.3349544687
            0.3013000000      0.1269662334
            0.2275000000     -0.0147258770
P  9  1.00
          413.4000000000     -0.0008935521
           97.9800000000     -0.0073262785
           31.3700000000     -0.0354064188
           11.6200000000     -0.1190509605
            4.6710000000     -0.2647516899
            1.9180000000     -0.3891863120
            0.7775000000     -0.3726676964
            0.3013000000     -0.4292937484
            0.2275000000      0.5132988854
P  1  1.00
            0.0752700000      1.0000000000
P  1  1.00
            0.0312600000      1.0000000000
P  1  1.00
            0.0134200000      1.0000000000
D  1  1.00
            0.1538000000      1.0000000000
D  1  1.00
            0.0865000000      1.0000000000
D  1  1.00
            0.0487000000      1.0000000000
F  1  1.00
            0.1912000000      1.0000000000
F  1  1.00
            0.1036000000      1.0000000000
G  1  1.00
            0.1722000000      1.0000000000
****
Mg  0
S  13  1.00
       327600.0000000000      0.0000309603
        49050.0000000000      0.0002409501
        11150.0000000000      0.0012665795
         3152.0000000000      0.0053335035
         1025.0000000000      0.0190766906
          368.8000000000      0.0588048461
          143.2000000000      0.1514515433
           58.9600000000      0.3007111222
           25.4000000000      0.3811428176
           11.1500000000      0.2135805356
            4.0040000000      0.0231206250
            1.7010000000     -0.0023075326
            0.7060000000      0.0012889791
S  13  1.00
       327600.0000000000     -0.0000078729
        49050.0000000000     -0.0000611132
        11150.0000000000     -0.0003228860
         3152.0000000000     -0.0013566465
         1025.0000000000     -0.0049314963
          368.8000000000     -0.0154368489
          143.2000000000     -0.0425635465
           58.9600000000     -0.0945549092
           25.4000000000     -0.1642843584
           11.1500000000     -0.1254100098
            4.0040000000      0.2368620063
            1.7010000000      0.5806000727
            0.7060000000      0.3369947929
S  13  1.00
       327600.0000000000      0.0000040418
        49050.0000000000      0.0000313725
        11150.0000000000      0.0001657841
         3152.0000000000      0.0006966049
         1025.0000000000      0.0025342965
          368.8000000000      0.0079438320
          143.2000000000      0.0219957595
           58.9600000000      0.0492753544
           25.4000000000      0.0874899549
           11.1500000000      0.0689177876
            4.0040000000     -0.1433853702
            1.7010000000     -0.4202186538
            0.7060000000     -0.5535037240
S  1  1.00
            0.1410000000      1.0000000000
S  1  1.00
            0.0680800000      1.0000000000
S  1  1.00
            0.0306300000      1.0000000000
P  9  1.00
          539.6000000000      0.0008351283
          127.9000000000      0.0069017309
           41.0200000000      0.0338343686
           15.2500000000      0.1145600313
            6.1660000000      0.2598747559
            2.5610000000      0.3856303288
            1.0600000000      0.3358392091
            0.4176000000      0.1107948044
            0.2690000000     -0.0121483643
P  9  1.00
          539.6000000000     -0.0008340077
          127.9000000000     -0.0069168917
           41.0200000000     -0.0340669766
           15.2500000000     -0.1171813824
            6.1660000000     -0.2698704184
            2.5610000000     -0.4089868431
            1.0600000000     -0.3964422494
            0.4176000000     -0.1546522467
            0.2690000000      0.6615243031
P  1  1.00
            0.1223000000      1.0000000000
P  1  1.00
            0.0547600000      1.0000000000
P  1  1.00
            0.0238800000      1.0000000000
D  1  1.00
            0.1060000000      1.0000000000
D  1  1.00
            0.1944000000      1.0000000000
D  1  1.00
            0.3570000000      1.0000000000
F  1  1.00
            0.1810000000      1.0000000000
F  1  1.00
            0.3590000000      1.0000000000
G  1  1.00
            0.3070000000      1.0000000000
****
Al  0
S  13  1.00
       419600.0000000000      0.0000278210
        62830.0000000000      0.0002163231
        14290.0000000000      0.0011375036
         4038.0000000000      0.0047961966
         1312.0000000000      0.0172383487
          470.5000000000      0.0538048793
          181.8000000000      0.1413214804
           74.4600000000      0.2892587493
           31.9000000000      0.3848126934
           13.9600000000      0.2328445535
            5.1800000000      0.0293320619
            2.2650000000     -0.0030056439
            0.9664000000      0.0016666767
S  13  1.00
       419600.0000000000     -0.0000073121
        62830.0000000000     -0.0000567520
        14290.0000000000     -0.0002995828
         4038.0000000000     -0.0012619985
         1312.0000000000     -0.0045978944
          470.5000000000     -0.0145880534
          181.8000000000     -0.0407620477
           74.4600000000     -0.0932122790
           31.9000000000     -0.1662047784
           13.9600000000     -0.1427516283
            5.1800000000      0.1973776460
            2.2650000000      0.5783726249
            0.9664000000      0.3778943622
S  13  1.00
       419600.0000000000      0.0000037322
        62830.0000000000      0.0000289465
        14290.0000000000      0.0001529707
         4038.0000000000      0.0006436640
         1312.0000000000      0.0023506237
          470.5000000000      0.0074548952
          181.8000000000      0.0209710262
           74.4600000000      0.0482394089
           31.9000000000      0.0883913200
           13.9600000000      0.0779656130
            5.1800000000     -0.1179855644
            2.2650000000     -0.4284290591
            0.9664000000     -0.5673930849
S  1  1.00
            0.2447000000      1.0000000000
S  1  1.00
            0.1184000000      1.0000000000
S  1  1.00
            0.0502100000      1.0000000000
P  8  1.00
          891.3000000000      0.0004954384
          211.3000000000      0.0041895777
           68.2800000000      0.0214129963
           25.7000000000      0.0769780985
           10.6300000000      0.1957321831
            4.6020000000      0.3369329491
            2.0150000000      0.3778350382
            0.8706000000      0.2055693179
P  8  1.00
          891.3000000000     -0.0004738862
          211.3000000000     -0.0039770142
           68.2800000000     -0.0206376568
           25.7000000000     -0.0743067624
           10.6300000000     -0.1956238167
            4.6020000000     -0.3347654290
            2.0150000000     -0.4210460583
            0.8706000000     -0.1538867188
P  1  1.00
            0.2972000000      1.0000000000
P  1  1.00
            0.1100000000      1.0000000000
P  1  1.00
            0.0398900000      1.0000000000
D  1  1.00
            0.0804000000      1.0000000000
D  1  1.00
            0.1990000000      1.0000000000
D  1  1.00
            0.4940000000      1.0000000000
F  1  1.00
            0.1540000000      1.0000000000
F  1  1.00
            0.4010000000      1.0000000000
G  1  1.00
            0.3570000000      1.0000000000
****
Si  0
S  13  1.00
       513000.0000000000      0.0000260908
        76820.0000000000      0.0002028959
        17470.0000000000      0.0010671024
         4935.0000000000      0.0045057690
         1602.0000000000      0.0162351756
          574.1000000000      0.0508890294
          221.5000000000      0.1351489699
           90.5400000000      0.2812794498
           38.7400000000      0.3853188078
           16.9500000000      0.2456400400
            6.4520000000      0.0343129690
            2.8740000000     -0.0033486906
            1.2500000000      0.0018761663
S  13  1.00
       513000.0000000000     -0.0000070534
        76820.0000000000     -0.0000547767
        17470.0000000000     -0.0002890034
         4935.0000000000     -0.0012201307
         1602.0000000000     -0.0044499858
          574.1000000000     -0.0141880811
          221.5000000000     -0.0399441743
           90.5400000000     -0.0928050689
           38.7400000000     -0.1681028157
           16.9500000000     -0.1548014897
            6.4520000000      0.1710617111
            2.8740000000      0.5778565375
            1.2500000000      0.4040501083
S  13  1.00
       513000.0000000000      0.0000035794
        76820.0000000000      0.0000277697
        17470.0000000000      0.0001467416
         4935.0000000000      0.0006184531
         1602.0000000000      0.0022626790
          574.1000000000      0.0072050615
          221.5000000000      0.0204487983
           90.5400000000      0.0477449529
           38.7400000000      0.0891464926
           16.9500000000      0.0842332974
            6.4520000000     -0.1010105666
            2.8740000000     -0.4353530818
            1.2500000000     -0.5758018801
S  1  1.00
            0.3599000000      1.0000000000
S  1  1.00
            0.1699000000      1.0000000000
S  1  1.00
            0.0706600000      1.0000000000
P  8  1.00
         1122.0000000000      0.0004515661
          266.0000000000      0.0038455409
           85.9200000000      0.0199618194
           32.3300000000      0.0732570207
           13.3700000000      0.1912890558
            5.8000000000      0.3382359786
            2.5590000000      0.3822627208
            1.1240000000      0.2027297816
P  8  1.00
         1122.0000000000     -0.0004424636
          266.0000000000     -0.0037234317
           85.9200000000     -0.0197223740
           32.3300000000     -0.0722252324
           13.3700000000     -0.1969733626
            5.8000000000     -0.3451056626
            2.5590000000     -0.4454731568
            1.1240000000     -0.1043272209
P  1  1.00
            0.3988000000      1.0000000000
P  1  1.00
            0.1533000000      1.0000000000
P  1  1.00
            0.0572800000      1.0000000000
D  1  1.00
            0.1200000000      1.0000000000
D  1  1.00
            0.3020000000      1.0000000000
D  1  1.00
            0.7600000000      1.0000000000
F  1  1.00
            0.2120000000      1.0000000000
F  1  1.00
            0.5410000000      1.0000000000
G  1  1.00
            0.4610000000      1.0000000000
****
P  0
S  13  1.00
       615200.0000000000      0.0000247435
        92120.0000000000      0.0001924534
        20950.0000000000      0.0010119588
         5920.0000000000      0.0042723514
         1922.0000000000      0.0154151671
          688.0000000000      0.0485946592
          265.0000000000      0.1300521295
          108.2000000000      0.2744973880
           46.2200000000      0.3853786777
           20.2300000000      0.2559185124
            7.8590000000      0.0391213325
            3.5470000000     -0.0036798773
            1.5640000000      0.0020819840
S  13  1.00
       615200.0000000000     -0.0000068546
        92120.0000000000     -0.0000532608
        20950.0000000000     -0.0002807896
         5920.0000000000     -0.0011859993
         1922.0000000000     -0.0043264549
          688.0000000000     -0.0138797419
          265.0000000000     -0.0392706329
          108.2000000000     -0.0924517011
           46.2200000000     -0.1698681198
           20.2300000000     -0.1646298464
            7.8590000000      0.1496747136
            3.5470000000      0.5778538508
            1.5640000000      0.4246427673
S  13  1.00
       615200.0000000000      0.0000034618
        92120.0000000000      0.0000268680
        20950.0000000000      0.0001418970
         5920.0000000000      0.0005981584
         1922.0000000000      0.0021896713
          688.0000000000      0.0070133906
          265.0000000000      0.0200164412
          108.2000000000      0.0473454037
           46.2200000000      0.0898128575
           20.2300000000      0.0894030355
            7.8590000000     -0.0874221355
            3.5470000000     -0.4403066143
            1.5640000000     -0.5834145092
S  1  1.00
            0.4888000000      1.0000000000
S  1  1.00
            0.2266000000      1.0000000000
S  1  1.00
            0.0933100000      1.0000000000
P  8  1.00
         1367.0000000000      0.0004242182
          324.0000000000      0.0036373146
          104.6000000000      0.0190656610
           39.3700000000      0.0710928078
           16.2600000000      0.1895885458
            7.0560000000      0.3412859832
            3.1300000000      0.3848489184
            1.3940000000      0.1967465948
P  8  1.00
         1367.0000000000     -0.0004215654
          324.0000000000     -0.0035727257
          104.6000000000     -0.0191123697
           39.3700000000     -0.0712150219
           16.2600000000     -0.1986864281
            7.0560000000     -0.3565563512
            3.1300000000     -0.4585637472
            1.3940000000     -0.0673910093
P  1  1.00
            0.5179000000      1.0000000000
P  1  1.00
            0.2032000000      1.0000000000
P  1  1.00
            0.0769800000      1.0000000000
D  1  1.00
            0.1650000000      1.0000000000
D  1  1.00
            0.4130000000      1.0000000000
D  1  1.00
            1.0360000000      1.0000000000
F  1  1.00
            0.2800000000      1.0000000000
F  1  1.00
            0.7030000000      1.0000000000
G  1  1.00
            0.5970000000      1.0000000000
****
S  0
S  13  1.00
       727800.0000000000      0.0000236008
       109000.0000000000      0.0001834687
        24800.0000000000      0.0009642079
         7014.0000000000      0.0040650743
         2278.0000000000      0.0146962309
          814.7000000000      0.0465047171
          313.4000000000      0.1254988708
          127.7000000000      0.2684134747
           54.4800000000      0.3847810097
           23.8500000000      0.2653526973
            9.4280000000      0.0437294190
            4.2900000000     -0.0037877945
            1.9090000000      0.0021806714
S  13  1.00
       727800.0000000000     -0.0000066773
       109000.0000000000     -0.0000518710
        24800.0000000000     -0.0002731950
         7014.0000000000     -0.0011528572
         2278.0000000000     -0.0042098980
          814.7000000000     -0.0135612067
          313.4000000000     -0.0385992809
          127.7000000000     -0.0919977991
           54.4800000000     -0.1710820745
           23.8500000000     -0.1733918638
            9.4280000000      0.1308716747
            4.2900000000      0.5783298591
            1.9090000000      0.4420615093
S  13  1.00
       727800.0000000000      0.0000033565
       109000.0000000000      0.0000260411
        24800.0000000000      0.0001374218
         7014.0000000000      0.0005786175
         2278.0000000000      0.0021209954
          814.7000000000      0.0068191511
          313.4000000000      0.0195889841
          127.7000000000      0.0468986212
           54.4800000000      0.0901610021
           23.8500000000      0.0939283803
            9.4280000000     -0.0754074609
            4.2900000000     -0.4445449499
            1.9090000000     -0.5903897467
S  1  1.00
            0.6270000000      1.0000000000
S  1  1.00
            0.2873000000      1.0000000000
S  1  1.00
            0.1172000000      1.0000000000
P  8  1.00
         1546.0000000000      0.0004437995
          366.4000000000      0.0037981025
          118.4000000000      0.0199536407
           44.5300000000      0.0746463930
           18.3800000000      0.1984972810
            7.9650000000      0.3539377116
            3.5410000000      0.3809328670
            1.5910000000      0.1719447351
P  8  1.00
         1546.0000000000     -0.0004570726
          366.4000000000     -0.0038735838
          118.4000000000     -0.0207491381
           44.5300000000     -0.0778453840
           18.3800000000     -0.2165871696
            7.9650000000     -0.3880663576
            3.5410000000     -0.4775723248
            1.5910000000      0.0373058650
P  1  1.00
            0.6205000000      1.0000000000
P  1  1.00
            0.2420000000      1.0000000000
P  1  1.00
            0.0901400000      1.0000000000
D  1  1.00
            0.2030000000      1.0000000000
D  1  1.00
            0.5040000000      1.0000000000
D  1  1.00
            1.2500000000      1.0000000000
F  1  1.00
            0.3350000000      1.0000000000
F  1  1.00
            0.8690000000      1.0000000000
G  1  1.00
            0.6830000000      1.0000000000
****
Cl  0
S  13  1.00
       834900.0000000000      0.0000231669
       125000.0000000000      0.0001801395
        28430.0000000000      0.0009477058
         8033.0000000000      0.0040010681
         2608.0000000000      0.0144617365
          933.9000000000      0.0456549268
          360.0000000000      0.1232380847
          147.0000000000      0.2643477315
           62.8800000000      0.3829581885
           27.6000000000      0.2709122033
           11.0800000000      0.0471366075
            5.0750000000     -0.0037173609
            2.2780000000      0.0021914037
S  13  1.00
       834900.0000000000     -0.0000066749
       125000.0000000000     -0.0000518758
        28430.0000000000     -0.0002734197
         8033.0000000000     -0.0011558791
         2608.0000000000     -0.0042176811
          933.9000000000     -0.0135610999
          360.0000000000     -0.0385647855
          147.0000000000     -0.0921868542
           62.8800000000     -0.1722747828
           27.6000000000     -0.1795615096
           11.0800000000      0.1180640840
            5.0750000000      0.5790933945
            2.2780000000      0.4537312818
S  13  1.00
       834900.0000000000      0.0000033422
       125000.0000000000      0.0000259393
        28430.0000000000      0.0001370025
         8033.0000000000      0.0005777965
         2608.0000000000      0.0021168705
          933.9000000000      0.0067918111
          360.0000000000      0.0195030960
          147.0000000000      0.0468246982
           62.8800000000      0.0905746476
           27.6000000000      0.0970890498
           11.0800000000     -0.0671684171
            5.0750000000     -0.4492777313
            2.2780000000     -0.5936554706
S  1  1.00
            0.7775000000      1.0000000000
S  1  1.00
            0.3527000000      1.0000000000
S  1  1.00
            0.1431000000      1.0000000000
P  8  1.00
         1703.0000000000      0.0004760960
          403.6000000000      0.0040817557
          130.3000000000      0.0214280825
           49.0500000000      0.0798059104
           20.2600000000      0.2098336098
            8.7870000000      0.3665286283
            3.9190000000      0.3733380492
            1.7650000000      0.1469268139
P  8  1.00
         1703.0000000000     -0.0005072075
          403.6000000000     -0.0043243092
          130.3000000000     -0.0230707725
           49.0500000000     -0.0867020912
           20.2600000000     -0.2378081399
            8.7870000000     -0.4228337354
            3.9190000000     -0.4842248803
            1.7650000000      0.1516960364
P  1  1.00
            0.7207000000      1.0000000000
P  1  1.00
            0.2839000000      1.0000000000
P  1  1.00
            0.1060000000      1.0000000000
D  1  1.00
            0.2540000000      1.0000000000
D  1  1.00
            0.6280000000      1.0000000000
D  1  1.00
            1.5510000000      1.0000000000
F  1  1.00
            0.4230000000      1.0000000000
F  1  1.00
            1.0890000000      1.0000000000
G  1  1.00
            0.8270000000      1.0000000000
****
Ar  0
S  13  1.00
       950600.0000000000      0.0000227525
       142300.0000000000      0.0001769294
        32360.0000000000      0.0009311997
         9145.0000000000      0.0039282529
         2970.0000000000      0.0142051448
         1064.0000000000      0.0448074408
          410.8000000000      0.1209903091
          168.0000000000      0.2605559769
           71.9900000000      0.3813303052
           31.6700000000      0.2760336093
           12.8900000000      0.0505134366
            5.9290000000     -0.0035983420
            2.6780000000      0.0021877867
S  13  1.00
       950600.0000000000     -0.0000066613
       142300.0000000000     -0.0000517837
        32360.0000000000     -0.0002729697
         9145.0000000000     -0.0011534550
         2970.0000000000     -0.0042086598
         1064.0000000000     -0.0135262300
          410.8000000000     -0.0384352708
          168.0000000000     -0.0922299089
           71.9900000000     -0.1732362713
           31.6700000000     -0.1851321296
           12.8900000000      0.1061277556
            5.9290000000      0.5799797882
            2.6780000000      0.4642425706
S  13  1.00
       950600.0000000000      0.0000033251
       142300.0000000000      0.0000258121
        32360.0000000000      0.0001363608
         9145.0000000000      0.0005747641
         2970.0000000000      0.0021060288
         1064.0000000000      0.0067531452
          410.8000000000      0.0193838709
          168.0000000000      0.0467145545
           71.9900000000      0.0909063375
           31.6700000000      0.0999715296
           12.8900000000     -0.0595742715
            5.9290000000     -0.4532069443
            2.6780000000     -0.5971135364
S  1  1.00
            0.9416000000      1.0000000000
S  1  1.00
            0.4239000000      1.0000000000
S  1  1.00
            0.1714000000      1.0000000000
P  8  1.00
         1890.0000000000      0.0004971033
          447.8000000000      0.0042633089
          144.6000000000      0.0223885587
           54.4600000000      0.0833142726
           22.5100000000      0.2177017773
            9.7740000000      0.3755277947
            4.3680000000      0.3674438201
            1.9590000000      0.1295972834
P  8  1.00
         1890.0000000000     -0.0005437457
          447.8000000000     -0.0046545912
          144.6000000000     -0.0247688704
           54.4600000000     -0.0935119785
           22.5100000000     -0.2542220477
            9.7740000000     -0.4520439357
            4.3680000000     -0.4841800760
            1.9590000000      0.2541503904
P  1  1.00
            0.8260000000      1.0000000000
P  1  1.00
            0.3297000000      1.0000000000
P  1  1.00
            0.1242000000      1.0000000000
D  1  1.00
            0.3110000000      1.0000000000
D  1  1.00
            0.7630000000      1.0000000000
D  1  1.00
            1.8730000000      1.0000000000
F  1  1.00
            0.5430000000      1.0000000000
F  1  1.00
            1.3250000000      1.0000000000
G  1  1.00
            1.0070000000      1.0000000000
****
